10,130
10,254
10,170
10,82
10,10
10,158
10,86
10,132
8,9
8,6
12,3
12,2
12,1
11,28
11,27
11,26
11,25
11,23
11,22
11,21
11,20
11,18
11,16
11,15
11,14
11,13
11,11
11,10
11,9
11,8
11,7
11,6
11,5
11,3
11,2
11,1
10,309
20,2
20,1
20,3
10,291
19,2
19,1
19,3
10,274
10,268
10,250
10,215
10,205
10,194
10,188
10,184
10,181
10,179
10,173
10,164
10,154
10,151
10,150
10,141
10,138
10,127
10,118
10,117
18,1
18,3
14,1
14,3
13,1
13,3
10,115
10,103
10,88
10,78
2,2
10,72
10,71
10,29
10,18
10,12
10,3
10,2
10,1
9,7
9,6
9,5
9,4
9,3
9,2
9,1
8,18
8,17
8,16
8,15
8,14
8,13
8,12
8,11
8,10
8,8
