3,2
3,1
3,3
10,138
10,166
10,266
10,6
10,172
10,234
10,68
11,4
11,12
11,22
11,28
11,14
8,13
8,5
8,2
8,3
14,1
14,3
51,5
13,1
51,3
13,3
51,1
50,4
50,3
50,1
49,3
49,1
47,6
47,4
47,3
47,2
47,1
46,3
46,1
20,3
20,2
20,1
19,3
19,2
19,1
18,3
18,1
12,3
12,2
12,1
11,29
11,27
11,26
11,25
11,23
11,21
11,20
11,17
11,13
11,10
11,9
11,7
11,6
11,5
11,3
11,2
11,1
10,311
10,303
10,297
10,291
10,285
10,269
10,268
10,263
10,257
10,253
10,235
10,233
10,231
10,214
10,205
10,195
10,191
10,173
10,165
10,162
10,158
10,150
10,148
10,145
10,133
10,119
10,116
10,113
10,109
10,105
10,99
10,95
10,83
10,67
10,31
10,11
10,10
10,3
10,2
10,1
9,7
